model,task,method,Correct,Incorrect,Empty
pythia-160m,math-number,zero-shot,0,540,0
pythia-160m,math-number,null-shot,0,540,0
pythia-160m,math-algebra,zero-shot,0,1187,0
pythia-160m,math-algebra,null-shot,0,1187,0
pythia-160m,anli,zero-shot,90,1110,0
pythia-160m,anli,null-shot,66,1134,0
pythia-160m,triviaqa,zero-shot,32,968,0
pythia-160m,triviaqa,null-shot,23,977,0
pythia-160m,race-m,zero-shot,34,1402,0
pythia-160m,race-m,null-shot,40,1396,0
pythia-160m,strategyqa,zero-shot,512,1778,0
pythia-160m,strategyqa,null-shot,813,1477,0
pythia-160m,winogrande,zero-shot,74,1193,0
pythia-160m,winogrande,null-shot,42,1225,0
pythia-160m,math-pre-algebra,zero-shot,0,871,0
pythia-160m,math-pre-algebra,null-shot,0,871,0
pythia-160m,math-int-algebra,zero-shot,0,903,0
pythia-160m,math-int-algebra,null-shot,0,903,0
pythia-160m,gsm8k,zero-shot,18,1301,0
pythia-160m,gsm8k,null-shot,17,1302,0
pythia-160m,aqua,zero-shot,21,233,0
pythia-160m,aqua,null-shot,15,239,0
pythia-160m,race-h,zero-shot,51,3447,0
pythia-160m,race-h,null-shot,52,3446,0
pythia-160m,math-geometry,zero-shot,0,479,0
pythia-160m,math-geometry,null-shot,0,479,0
pythia-160m,math-count-prob,zero-shot,0,474,0
pythia-160m,math-count-prob,null-shot,0,474,0
pythia-160m,math-pre-calc,zero-shot,0,546,0
pythia-160m,math-pre-calc,null-shot,0,546,0
qwen-1.5-0.5b-chat,math-number,zero-shot,4,536,0
qwen-1.5-0.5b-chat,math-number,null-shot,1,539,0
qwen-1.5-0.5b-chat,math-algebra,zero-shot,5,1182,0
qwen-1.5-0.5b-chat,math-algebra,null-shot,8,1179,0
qwen-1.5-0.5b-chat,anli,zero-shot,298,902,0
qwen-1.5-0.5b-chat,anli,null-shot,326,874,0
qwen-1.5-0.5b-chat,triviaqa,zero-shot,120,880,0
qwen-1.5-0.5b-chat,triviaqa,null-shot,113,887,0
qwen-1.5-0.5b-chat,race-m,zero-shot,644,792,0
qwen-1.5-0.5b-chat,race-m,null-shot,553,883,0
qwen-1.5-0.5b-chat,strategyqa,zero-shot,1046,1244,0
qwen-1.5-0.5b-chat,strategyqa,null-shot,1012,1278,0
qwen-1.5-0.5b-chat,winogrande,zero-shot,597,670,0
qwen-1.5-0.5b-chat,winogrande,null-shot,563,704,0
qwen-1.5-0.5b-chat,math-pre-algebra,zero-shot,11,860,0
qwen-1.5-0.5b-chat,math-pre-algebra,null-shot,6,865,0
qwen-1.5-0.5b-chat,math-int-algebra,zero-shot,5,898,0
qwen-1.5-0.5b-chat,math-int-algebra,null-shot,0,903,0
qwen-1.5-0.5b-chat,gsm8k,zero-shot,114,1205,0
qwen-1.5-0.5b-chat,gsm8k,null-shot,98,1221,0
qwen-1.5-0.5b-chat,aqua,zero-shot,48,206,0
qwen-1.5-0.5b-chat,aqua,null-shot,51,203,0
qwen-1.5-0.5b-chat,race-h,zero-shot,1432,2066,0
qwen-1.5-0.5b-chat,race-h,null-shot,1272,2226,0
qwen-1.5-0.5b-chat,math-geometry,zero-shot,1,478,0
qwen-1.5-0.5b-chat,math-geometry,null-shot,1,478,0
qwen-1.5-0.5b-chat,math-count-prob,zero-shot,2,472,0
qwen-1.5-0.5b-chat,math-count-prob,null-shot,1,473,0
qwen-1.5-0.5b-chat,math-pre-calc,zero-shot,0,546,0
qwen-1.5-0.5b-chat,math-pre-calc,null-shot,0,546,0
gemini-pro-chat,math-number,zero-shot,87,453,0
gemini-pro-chat,math-number,null-shot-cot,102,433,5
gemini-pro-chat,math-number,zero-shot-cot,90,449,1
gemini-pro-chat,math-number,null-shot,87,453,0
gemini-pro-chat,math-algebra,zero-shot,295,892,0
gemini-pro-chat,math-algebra,null-shot-cot,508,678,1
gemini-pro-chat,math-algebra,zero-shot-cot,394,793,0
gemini-pro-chat,math-algebra,null-shot,321,866,0
gemini-pro-chat,anli,zero-shot,613,559,28
gemini-pro-chat,anli,null-shot-cot,540,640,20
gemini-pro-chat,anli,zero-shot-cot,587,591,22
gemini-pro-chat,anli,null-shot,623,567,10
gemini-pro-chat,triviaqa,zero-shot,705,237,58
gemini-pro-chat,triviaqa,null-shot-cot,9,978,13
gemini-pro-chat,triviaqa,zero-shot-cot,620,341,39
gemini-pro-chat,triviaqa,null-shot,254,723,23
gemini-pro-chat,halueval-summarization,zero-shot,6611,3101,288
gemini-pro-chat,halueval-summarization,null-shot,6603,3108,289
gemini-pro-chat,race-m,zero-shot,1215,143,78
gemini-pro-chat,race-m,null-shot-cot,1179,187,70
gemini-pro-chat,race-m,zero-shot-cot,1207,148,81
gemini-pro-chat,race-m,null-shot,1224,153,59
gemini-pro-chat,strategyqa,zero-shot,1548,646,96
gemini-pro-chat,strategyqa,null-shot-cot,24,2189,77
gemini-pro-chat,strategyqa,zero-shot-cot,1521,689,80
gemini-pro-chat,strategyqa,null-shot,1155,1079,56
gemini-pro-chat,winogrande,zero-shot,807,415,45
gemini-pro-chat,winogrande,null-shot-cot,3,1253,11
gemini-pro-chat,winogrande,zero-shot-cot,791,436,40
gemini-pro-chat,winogrande,null-shot,798,438,31
gemini-pro-chat,math-pre-algebra,zero-shot,278,593,0
gemini-pro-chat,math-pre-algebra,null-shot-cot,416,451,4
gemini-pro-chat,math-pre-algebra,zero-shot-cot,345,524,2
gemini-pro-chat,math-pre-algebra,null-shot,301,570,0
gemini-pro-chat,math-int-algebra,zero-shot,134,769,0
gemini-pro-chat,math-int-algebra,null-shot-cot,117,782,4
gemini-pro-chat,math-int-algebra,zero-shot-cot,125,775,3
gemini-pro-chat,math-int-algebra,null-shot,129,773,1
gemini-pro-chat,gsm8k,zero-shot,691,585,43
gemini-pro-chat,gsm8k,null-shot-cot,826,488,5
gemini-pro-chat,gsm8k,zero-shot-cot,935,377,7
gemini-pro-chat,gsm8k,null-shot,884,431,4
gemini-pro-chat,aqua,zero-shot,65,188,1
gemini-pro-chat,aqua,null-shot-cot,134,120,0
gemini-pro-chat,aqua,zero-shot-cot,124,130,0
gemini-pro-chat,aqua,null-shot,94,159,1
gemini-pro-chat,halueval-qa,zero-shot,6198,3785,17
gemini-pro-chat,halueval-qa,null-shot,6287,3690,23
gemini-pro-chat,race-h,zero-shot,2767,508,223
gemini-pro-chat,race-h,null-shot-cot,2721,589,188
gemini-pro-chat,race-h,zero-shot-cot,2741,531,226
gemini-pro-chat,race-h,null-shot,2812,520,166
gemini-pro-chat,halueval-general,zero-shot,3684,822,1
gemini-pro-chat,halueval-general,null-shot,3686,820,1
gemini-pro-chat,halueval-dialogue,zero-shot,7666,2331,3
gemini-pro-chat,halueval-dialogue,null-shot,7685,2311,4
gemini-pro-chat,math-geometry,zero-shot,90,389,0
gemini-pro-chat,math-geometry,null-shot-cot,110,364,5
gemini-pro-chat,math-geometry,zero-shot-cot,93,378,8
gemini-pro-chat,math-geometry,null-shot,95,384,0
gemini-pro-chat,math-count-prob,zero-shot,77,397,0
gemini-pro-chat,math-count-prob,null-shot-cot,103,367,4
gemini-pro-chat,math-count-prob,zero-shot-cot,84,386,4
gemini-pro-chat,math-count-prob,null-shot,79,395,0
gemini-pro-chat,math-pre-calc,zero-shot,107,438,1
gemini-pro-chat,math-pre-calc,null-shot-cot,99,444,3
gemini-pro-chat,math-pre-calc,zero-shot-cot,95,449,2
gemini-pro-chat,math-pre-calc,null-shot,99,447,0
qwen-1.5-4b-chat,math-number,zero-shot,49,491,0
qwen-1.5-4b-chat,math-number,null-shot,66,474,0
qwen-1.5-4b-chat,math-algebra,zero-shot,298,889,0
qwen-1.5-4b-chat,math-algebra,null-shot,288,899,0
qwen-1.5-4b-chat,anli,zero-shot,409,791,0
qwen-1.5-4b-chat,anli,null-shot,400,800,0
qwen-1.5-4b-chat,triviaqa,zero-shot,443,557,0
qwen-1.5-4b-chat,triviaqa,null-shot,432,568,0
qwen-1.5-4b-chat,race-m,zero-shot,1165,271,0
qwen-1.5-4b-chat,race-m,null-shot,1174,262,0
qwen-1.5-4b-chat,strategyqa,zero-shot,1285,1005,0
qwen-1.5-4b-chat,strategyqa,null-shot,963,1327,0
qwen-1.5-4b-chat,winogrande,zero-shot,670,597,0
qwen-1.5-4b-chat,winogrande,null-shot,625,642,0
qwen-1.5-4b-chat,math-pre-algebra,zero-shot,234,637,0
qwen-1.5-4b-chat,math-pre-algebra,null-shot,209,662,0
qwen-1.5-4b-chat,math-int-algebra,zero-shot,58,845,0
qwen-1.5-4b-chat,math-int-algebra,null-shot,58,845,0
qwen-1.5-4b-chat,gsm8k,zero-shot,527,792,0
qwen-1.5-4b-chat,gsm8k,null-shot,492,827,0
qwen-1.5-4b-chat,aqua,zero-shot,88,166,0
qwen-1.5-4b-chat,aqua,null-shot,86,168,0
qwen-1.5-4b-chat,race-h,zero-shot,2598,900,0
qwen-1.5-4b-chat,race-h,null-shot,2660,838,0
qwen-1.5-4b-chat,math-geometry,zero-shot,55,424,0
qwen-1.5-4b-chat,math-geometry,null-shot,45,434,0
qwen-1.5-4b-chat,math-count-prob,zero-shot,51,423,0
qwen-1.5-4b-chat,math-count-prob,null-shot,48,426,0
qwen-1.5-4b-chat,math-pre-calc,zero-shot,46,500,0
qwen-1.5-4b-chat,math-pre-calc,null-shot,46,500,0
pythia-1b,math-number,zero-shot,0,540,0
pythia-1b,math-number,null-shot,0,540,0
pythia-1b,math-algebra,zero-shot,0,1187,0
pythia-1b,math-algebra,null-shot,0,1187,0
pythia-1b,anli,zero-shot,395,805,0
pythia-1b,anli,null-shot,403,797,0
pythia-1b,triviaqa,zero-shot,123,877,0
pythia-1b,triviaqa,null-shot,122,878,0
pythia-1b,race-m,zero-shot,291,1145,0
pythia-1b,race-m,null-shot,297,1139,0
pythia-1b,strategyqa,zero-shot,1059,1231,0
pythia-1b,strategyqa,null-shot,1071,1219,0
pythia-1b,winogrande,zero-shot,319,948,0
pythia-1b,winogrande,null-shot,435,832,0
pythia-1b,math-pre-algebra,zero-shot,0,871,0
pythia-1b,math-pre-algebra,null-shot,0,871,0
pythia-1b,math-int-algebra,zero-shot,0,903,0
pythia-1b,math-int-algebra,null-shot,0,903,0
pythia-1b,gsm8k,zero-shot,16,1303,0
pythia-1b,gsm8k,null-shot,13,1306,0
pythia-1b,aqua,zero-shot,60,194,0
pythia-1b,aqua,null-shot,58,196,0
pythia-1b,race-h,zero-shot,701,2797,0
pythia-1b,race-h,null-shot,714,2784,0
pythia-1b,math-geometry,zero-shot,0,479,0
pythia-1b,math-geometry,null-shot,0,479,0
pythia-1b,math-count-prob,zero-shot,0,474,0
pythia-1b,math-count-prob,null-shot,0,474,0
pythia-1b,math-pre-calc,zero-shot,0,546,0
pythia-1b,math-pre-calc,null-shot,0,546,0
pythia-410m,math-number,zero-shot,0,540,0
pythia-410m,math-number,null-shot,0,540,0
pythia-410m,math-algebra,zero-shot,0,1187,0
pythia-410m,math-algebra,null-shot,0,1187,0
pythia-410m,anli,zero-shot,402,798,0
pythia-410m,anli,null-shot,402,798,0
pythia-410m,triviaqa,zero-shot,75,925,0
pythia-410m,triviaqa,null-shot,72,928,0
pythia-410m,race-m,zero-shot,303,1133,0
pythia-410m,race-m,null-shot,304,1132,0
pythia-410m,strategyqa,zero-shot,1008,1282,0
pythia-410m,strategyqa,null-shot,1070,1220,0
pythia-410m,winogrande,zero-shot,402,865,0
pythia-410m,winogrande,null-shot,530,737,0
pythia-410m,math-pre-algebra,zero-shot,0,871,0
pythia-410m,math-pre-algebra,null-shot,0,871,0
pythia-410m,math-int-algebra,zero-shot,0,903,0
pythia-410m,math-int-algebra,null-shot,0,903,0
pythia-410m,gsm8k,zero-shot,23,1296,0
pythia-410m,gsm8k,null-shot,9,1310,0
pythia-410m,aqua,zero-shot,59,195,0
pythia-410m,aqua,null-shot,63,191,0
pythia-410m,race-h,zero-shot,739,2759,0
pythia-410m,race-h,null-shot,739,2759,0
pythia-410m,math-geometry,zero-shot,0,479,0
pythia-410m,math-geometry,null-shot,0,479,0
pythia-410m,math-count-prob,zero-shot,0,474,0
pythia-410m,math-count-prob,null-shot,0,474,0
pythia-410m,math-pre-calc,zero-shot,0,546,0
pythia-410m,math-pre-calc,null-shot,0,546,0
pythia-1.4b,math-number,zero-shot,0,540,0
pythia-1.4b,math-number,null-shot,0,540,0
pythia-1.4b,math-algebra,zero-shot,0,1187,0
pythia-1.4b,math-algebra,null-shot,0,1187,0
pythia-1.4b,anli,zero-shot,403,797,0
pythia-1.4b,anli,null-shot,402,798,0
pythia-1.4b,triviaqa,zero-shot,181,819,0
pythia-1.4b,triviaqa,null-shot,147,853,0
pythia-1.4b,race-m,zero-shot,319,1117,0
pythia-1.4b,race-m,null-shot,333,1103,0
pythia-1.4b,strategyqa,zero-shot,1085,1205,0
pythia-1.4b,strategyqa,null-shot,1113,1177,0
pythia-1.4b,winogrande,zero-shot,452,815,0
pythia-1.4b,winogrande,null-shot,371,896,0
pythia-1.4b,math-pre-algebra,zero-shot,0,871,0
pythia-1.4b,math-pre-algebra,null-shot,0,871,0
pythia-1.4b,math-int-algebra,zero-shot,0,903,0
pythia-1.4b,math-int-algebra,null-shot,0,903,0
pythia-1.4b,gsm8k,zero-shot,11,1308,0
pythia-1.4b,gsm8k,null-shot,11,1308,0
pythia-1.4b,aqua,zero-shot,56,198,0
pythia-1.4b,aqua,null-shot,59,195,0
pythia-1.4b,race-h,zero-shot,740,2758,0
pythia-1.4b,race-h,null-shot,753,2745,0
pythia-1.4b,math-geometry,zero-shot,0,479,0
pythia-1.4b,math-geometry,null-shot,0,479,0
pythia-1.4b,math-count-prob,zero-shot,0,474,0
pythia-1.4b,math-count-prob,null-shot,0,474,0
pythia-1.4b,math-pre-calc,zero-shot,0,546,0
pythia-1.4b,math-pre-calc,null-shot,0,546,0
palm-2-chat,math-number,zero-shot,12,128,400
palm-2-chat,math-number,null-shot-cot,21,186,333
palm-2-chat,math-number,zero-shot-cot,15,127,398
palm-2-chat,math-number,null-shot,32,286,222
palm-2-chat,math-algebra,zero-shot,42,330,815
palm-2-chat,math-algebra,null-shot-cot,84,474,629
palm-2-chat,math-algebra,zero-shot-cot,50,330,807
palm-2-chat,math-algebra,null-shot,146,748,293
palm-2-chat,anli,zero-shot,512,684,4
palm-2-chat,anli,null-shot-cot,509,686,5
palm-2-chat,anli,zero-shot-cot,522,677,1
palm-2-chat,anli,null-shot,520,675,5
palm-2-chat,triviaqa,zero-shot,702,250,48
palm-2-chat,triviaqa,null-shot-cot,691,252,57
palm-2-chat,triviaqa,zero-shot-cot,706,251,43
palm-2-chat,triviaqa,null-shot,701,256,43
palm-2-chat,halueval-summarization,zero-shot,62,9499,439
palm-2-chat,halueval-summarization,null-shot,150,9408,442
palm-2-chat,race-m,zero-shot,1056,334,46
palm-2-chat,race-m,null-shot-cot,1033,356,47
palm-2-chat,race-m,zero-shot-cot,1028,359,49
palm-2-chat,race-m,null-shot,1067,341,28
palm-2-chat,strategyqa,zero-shot,1322,904,64
palm-2-chat,strategyqa,null-shot-cot,1377,839,74
palm-2-chat,strategyqa,zero-shot-cot,1200,1032,58
palm-2-chat,strategyqa,null-shot,1344,879,67
palm-2-chat,winogrande,zero-shot,717,542,8
palm-2-chat,winogrande,null-shot-cot,724,535,8
palm-2-chat,winogrande,zero-shot-cot,758,500,9
palm-2-chat,winogrande,null-shot,767,494,6
palm-2-chat,math-pre-algebra,zero-shot,61,257,553
palm-2-chat,math-pre-algebra,null-shot-cot,82,344,445
palm-2-chat,math-pre-algebra,zero-shot-cot,59,268,544
palm-2-chat,math-pre-algebra,null-shot,132,440,299
palm-2-chat,math-int-algebra,zero-shot,37,430,436
palm-2-chat,math-int-algebra,null-shot-cot,36,486,381
palm-2-chat,math-int-algebra,zero-shot-cot,26,441,436
palm-2-chat,math-int-algebra,null-shot,66,752,85
palm-2-chat,gsm8k,zero-shot,711,605,3
palm-2-chat,gsm8k,null-shot-cot,710,606,3
palm-2-chat,gsm8k,zero-shot-cot,768,548,3
palm-2-chat,gsm8k,null-shot,727,588,4
palm-2-chat,aqua,zero-shot,38,215,1
palm-2-chat,aqua,null-shot-cot,32,222,0
palm-2-chat,aqua,zero-shot-cot,34,220,0
palm-2-chat,aqua,null-shot,40,214,0
palm-2-chat,halueval-qa,zero-shot,1170,8708,122
palm-2-chat,halueval-qa,null-shot,1903,7996,101
palm-2-chat,race-h,zero-shot,2345,1024,129
palm-2-chat,race-h,null-shot-cot,2293,1073,132
palm-2-chat,race-h,zero-shot-cot,2275,1097,126
palm-2-chat,race-h,null-shot,2361,1048,89
palm-2-chat,halueval-general,zero-shot,375,4057,75
palm-2-chat,halueval-general,null-shot,471,3964,72
palm-2-chat,halueval-dialogue,zero-shot,878,9052,70
palm-2-chat,halueval-dialogue,null-shot,892,9034,74
palm-2-chat,math-geometry,zero-shot,27,285,167
palm-2-chat,math-geometry,null-shot-cot,35,307,137
palm-2-chat,math-geometry,zero-shot-cot,26,289,164
palm-2-chat,math-geometry,null-shot,40,380,59
palm-2-chat,math-count-prob,zero-shot,23,225,226
palm-2-chat,math-count-prob,null-shot-cot,27,290,157
palm-2-chat,math-count-prob,zero-shot-cot,20,228,226
palm-2-chat,math-count-prob,null-shot,49,330,95
palm-2-chat,math-pre-calc,zero-shot,18,311,217
palm-2-chat,math-pre-calc,null-shot-cot,19,337,190
palm-2-chat,math-pre-calc,zero-shot-cot,18,312,216
palm-2-chat,math-pre-calc,null-shot,33,461,52
claude-3-opus,math-number,zero-shot,364,176,0
claude-3-opus,math-number,null-shot-cot,351,189,0
claude-3-opus,math-number,zero-shot-cot,356,184,0
claude-3-opus,math-number,null-shot,337,203,0
claude-3-opus,math-algebra,zero-shot,892,295,0
claude-3-opus,math-algebra,null-shot-cot,880,307,0
claude-3-opus,math-algebra,zero-shot-cot,890,297,0
claude-3-opus,math-algebra,null-shot,871,316,0
claude-3-opus,anli,zero-shot,728,472,0
claude-3-opus,anli,null-shot-cot,709,491,0
claude-3-opus,anli,zero-shot-cot,685,515,0
claude-3-opus,anli,null-shot,653,547,0
claude-3-opus,triviaqa,zero-shot,852,148,0
claude-3-opus,triviaqa,null-shot-cot,656,344,0
claude-3-opus,triviaqa,zero-shot-cot,855,145,0
claude-3-opus,triviaqa,null-shot,207,793,0
claude-3-opus,halueval-summarization,zero-shot,6829,3171,0
claude-3-opus,halueval-summarization,null-shot,6831,3169,0
claude-3-opus,race-m,zero-shot,1115,321,0
claude-3-opus,race-m,null-shot-cot,1167,269,0
claude-3-opus,race-m,zero-shot-cot,1227,209,0
claude-3-opus,race-m,null-shot,1173,263,0
claude-3-opus,strategyqa,zero-shot,1581,709,0
claude-3-opus,strategyqa,null-shot-cot,617,1673,0
claude-3-opus,strategyqa,zero-shot-cot,1445,845,0
claude-3-opus,strategyqa,null-shot,113,2177,0
claude-3-opus,winogrande,zero-shot,899,368,0
claude-3-opus,winogrande,null-shot-cot,368,899,0
claude-3-opus,winogrande,zero-shot-cot,764,503,0
claude-3-opus,winogrande,null-shot,8,1259,0
claude-3-opus,math-pre-algebra,zero-shot,641,230,0
claude-3-opus,math-pre-algebra,null-shot-cot,659,212,0
claude-3-opus,math-pre-algebra,zero-shot-cot,647,224,0
claude-3-opus,math-pre-algebra,null-shot,629,242,0
claude-3-opus,math-int-algebra,zero-shot,279,624,0
claude-3-opus,math-int-algebra,null-shot-cot,294,609,0
claude-3-opus,math-int-algebra,zero-shot-cot,291,612,0
claude-3-opus,math-int-algebra,null-shot,288,615,0
claude-3-opus,gsm8k,zero-shot,955,364,0
claude-3-opus,gsm8k,null-shot-cot,917,402,0
claude-3-opus,gsm8k,zero-shot-cot,926,393,0
claude-3-opus,gsm8k,null-shot,740,579,0
claude-3-opus,aqua,zero-shot,174,80,0
claude-3-opus,aqua,null-shot-cot,146,108,0
claude-3-opus,aqua,zero-shot-cot,162,92,0
claude-3-opus,aqua,null-shot,143,111,0
claude-3-opus,halueval-qa,zero-shot,6590,3410,0
claude-3-opus,halueval-qa,null-shot,6654,3346,0
claude-3-opus,race-h,zero-shot,2344,1154,0
claude-3-opus,race-h,null-shot-cot,2479,1019,0
claude-3-opus,race-h,zero-shot-cot,2711,787,0
claude-3-opus,race-h,null-shot,2527,971,0
claude-3-opus,halueval-general,zero-shot,3677,830,0
claude-3-opus,halueval-general,null-shot,3663,844,0
claude-3-opus,halueval-dialogue,zero-shot,6828,3172,0
claude-3-opus,halueval-dialogue,null-shot,6296,3704,0
claude-3-opus,math-geometry,zero-shot,219,260,0
claude-3-opus,math-geometry,null-shot-cot,213,266,0
claude-3-opus,math-geometry,zero-shot-cot,207,272,0
claude-3-opus,math-geometry,null-shot,203,276,0
claude-3-opus,math-count-prob,zero-shot,265,209,0
claude-3-opus,math-count-prob,null-shot-cot,256,218,0
claude-3-opus,math-count-prob,zero-shot-cot,250,224,0
claude-3-opus,math-count-prob,null-shot,238,236,0
claude-3-opus,math-pre-calc,zero-shot,191,355,0
claude-3-opus,math-pre-calc,null-shot-cot,193,353,0
claude-3-opus,math-pre-calc,zero-shot-cot,196,350,0
claude-3-opus,math-pre-calc,null-shot,180,366,0
pythia-31m,math-number,zero-shot,0,540,0
pythia-31m,math-number,null-shot,0,540,0
pythia-31m,math-algebra,zero-shot,0,1187,0
pythia-31m,math-algebra,null-shot,0,1187,0
pythia-31m,anli,zero-shot,40,1160,0
pythia-31m,anli,null-shot,27,1173,0
pythia-31m,triviaqa,zero-shot,16,984,0
pythia-31m,triviaqa,null-shot,20,980,0
pythia-31m,race-m,zero-shot,16,1420,0
pythia-31m,race-m,null-shot,13,1423,0
pythia-31m,strategyqa,zero-shot,8,2282,0
pythia-31m,strategyqa,null-shot,97,2193,0
pythia-31m,winogrande,zero-shot,92,1175,0
pythia-31m,winogrande,null-shot,34,1233,0
pythia-31m,math-pre-algebra,zero-shot,0,871,0
pythia-31m,math-pre-algebra,null-shot,0,871,0
pythia-31m,math-int-algebra,zero-shot,0,903,0
pythia-31m,math-int-algebra,null-shot,0,903,0
pythia-31m,gsm8k,zero-shot,8,1311,0
pythia-31m,gsm8k,null-shot,4,1315,0
pythia-31m,aqua,zero-shot,29,225,0
pythia-31m,aqua,null-shot,19,235,0
pythia-31m,race-h,zero-shot,31,3467,0
pythia-31m,race-h,null-shot,25,3473,0
pythia-31m,math-geometry,zero-shot,0,479,0
pythia-31m,math-geometry,null-shot,0,479,0
pythia-31m,math-count-prob,zero-shot,0,474,0
pythia-31m,math-count-prob,null-shot,0,474,0
pythia-31m,math-pre-calc,zero-shot,0,546,0
pythia-31m,math-pre-calc,null-shot,0,546,0
qwen-1.5-7b-chat,math-number,zero-shot,94,446,0
qwen-1.5-7b-chat,math-number,null-shot,98,442,0
qwen-1.5-7b-chat,math-algebra,zero-shot,426,761,0
qwen-1.5-7b-chat,math-algebra,null-shot,441,746,0
qwen-1.5-7b-chat,anli,zero-shot,466,734,0
qwen-1.5-7b-chat,anli,null-shot,449,751,0
qwen-1.5-7b-chat,triviaqa,zero-shot,585,415,0
qwen-1.5-7b-chat,triviaqa,null-shot,553,447,0
qwen-1.5-7b-chat,race-m,zero-shot,1241,195,0
qwen-1.5-7b-chat,race-m,null-shot,1190,246,0
qwen-1.5-7b-chat,strategyqa,zero-shot,1375,915,0
qwen-1.5-7b-chat,strategyqa,null-shot,1139,1151,0
qwen-1.5-7b-chat,winogrande,zero-shot,662,605,0
qwen-1.5-7b-chat,winogrande,null-shot,546,721,0
qwen-1.5-7b-chat,math-pre-algebra,zero-shot,307,564,0
qwen-1.5-7b-chat,math-pre-algebra,null-shot,313,558,0
qwen-1.5-7b-chat,math-int-algebra,zero-shot,81,822,0
qwen-1.5-7b-chat,math-int-algebra,null-shot,98,805,0
qwen-1.5-7b-chat,gsm8k,zero-shot,712,607,0
qwen-1.5-7b-chat,gsm8k,null-shot,668,651,0
qwen-1.5-7b-chat,aqua,zero-shot,98,156,0
qwen-1.5-7b-chat,aqua,null-shot,106,148,0
qwen-1.5-7b-chat,race-h,zero-shot,2863,635,0
qwen-1.5-7b-chat,race-h,null-shot,2773,725,0
qwen-1.5-7b-chat,math-geometry,zero-shot,81,398,0
qwen-1.5-7b-chat,math-geometry,null-shot,98,381,0
qwen-1.5-7b-chat,math-count-prob,zero-shot,83,391,0
qwen-1.5-7b-chat,math-count-prob,null-shot,81,393,0
qwen-1.5-7b-chat,math-pre-calc,zero-shot,61,485,0
qwen-1.5-7b-chat,math-pre-calc,null-shot,62,484,0
pythia-14m,math-number,zero-shot,0,540,0
pythia-14m,math-number,null-shot,0,540,0
pythia-14m,math-algebra,zero-shot,0,1187,0
pythia-14m,math-algebra,null-shot,0,1187,0
pythia-14m,anli,zero-shot,72,1128,0
pythia-14m,anli,null-shot,72,1128,0
pythia-14m,triviaqa,zero-shot,10,990,0
pythia-14m,triviaqa,null-shot,11,989,0
pythia-14m,race-m,zero-shot,35,1401,0
pythia-14m,race-m,null-shot,28,1408,0
pythia-14m,strategyqa,zero-shot,51,2239,0
pythia-14m,strategyqa,null-shot,1054,1236,0
pythia-14m,winogrande,zero-shot,514,753,0
pythia-14m,winogrande,null-shot,622,645,0
pythia-14m,math-pre-algebra,zero-shot,0,871,0
pythia-14m,math-pre-algebra,null-shot,0,871,0
pythia-14m,math-int-algebra,zero-shot,0,903,0
pythia-14m,math-int-algebra,null-shot,0,903,0
pythia-14m,gsm8k,zero-shot,4,1315,0
pythia-14m,gsm8k,null-shot,6,1313,0
pythia-14m,aqua,zero-shot,54,200,0
pythia-14m,aqua,null-shot,51,203,0
pythia-14m,race-h,zero-shot,71,3427,0
pythia-14m,race-h,null-shot,64,3434,0
pythia-14m,math-geometry,zero-shot,0,479,0
pythia-14m,math-geometry,null-shot,0,479,0
pythia-14m,math-count-prob,zero-shot,0,474,0
pythia-14m,math-count-prob,null-shot,0,474,0
pythia-14m,math-pre-calc,zero-shot,0,546,0
pythia-14m,math-pre-calc,null-shot,0,546,0
claude-2.1,math-number,zero-shot,128,412,0
claude-2.1,math-number,null-shot-cot,144,396,0
claude-2.1,math-number,zero-shot-cot,130,410,0
claude-2.1,math-number,null-shot,118,422,0
claude-2.1,math-algebra,zero-shot,523,664,0
claude-2.1,math-algebra,null-shot-cot,495,692,0
claude-2.1,math-algebra,zero-shot-cot,494,693,0
claude-2.1,math-algebra,null-shot,484,703,0
claude-2.1,anli,zero-shot,403,797,0
claude-2.1,anli,null-shot-cot,395,805,0
claude-2.1,anli,zero-shot-cot,476,724,0
claude-2.1,anli,null-shot,317,883,0
claude-2.1,triviaqa,zero-shot,733,267,0
claude-2.1,triviaqa,null-shot-cot,443,557,0
claude-2.1,triviaqa,zero-shot-cot,759,241,0
claude-2.1,triviaqa,null-shot,200,800,0
claude-2.1,halueval-summarization,zero-shot,5339,4661,0
claude-2.1,halueval-summarization,null-shot,4933,5067,0
claude-2.1,race-m,zero-shot,718,718,0
claude-2.1,race-m,null-shot-cot,716,720,0
claude-2.1,race-m,zero-shot-cot,663,773,0
claude-2.1,race-m,null-shot,711,725,0
claude-2.1,strategyqa,zero-shot,926,1364,0
claude-2.1,strategyqa,null-shot-cot,494,1796,0
claude-2.1,strategyqa,zero-shot-cot,1007,1283,0
claude-2.1,strategyqa,null-shot,270,2020,0
claude-2.1,winogrande,zero-shot,28,1239,0
claude-2.1,winogrande,null-shot-cot,21,1246,0
claude-2.1,winogrande,zero-shot-cot,173,1094,0
claude-2.1,winogrande,null-shot,3,1264,0
claude-2.1,math-pre-algebra,zero-shot,422,449,0
claude-2.1,math-pre-algebra,null-shot-cot,438,433,0
claude-2.1,math-pre-algebra,zero-shot-cot,414,457,0
claude-2.1,math-pre-algebra,null-shot,386,485,0
claude-2.1,math-int-algebra,zero-shot,113,790,0
claude-2.1,math-int-algebra,null-shot-cot,110,793,0
claude-2.1,math-int-algebra,zero-shot-cot,119,784,0
claude-2.1,math-int-algebra,null-shot,114,789,0
claude-2.1,gsm8k,zero-shot,1041,278,0
claude-2.1,gsm8k,null-shot-cot,998,321,0
claude-2.1,gsm8k,zero-shot-cot,1032,287,0
claude-2.1,gsm8k,null-shot,843,476,0
claude-2.1,aqua,zero-shot,165,89,0
claude-2.1,aqua,null-shot-cot,160,94,0
claude-2.1,aqua,zero-shot-cot,164,90,0
claude-2.1,aqua,null-shot,146,108,0
claude-2.1,halueval-qa,zero-shot,4530,5470,0
claude-2.1,halueval-qa,null-shot,3926,6074,0
claude-2.1,race-h,zero-shot,1394,2104,0
claude-2.1,race-h,null-shot-cot,1308,2190,0
claude-2.1,race-h,zero-shot-cot,1318,2180,0
claude-2.1,race-h,null-shot,1435,2063,0
claude-2.1,halueval-general,zero-shot,3667,840,0
claude-2.1,halueval-general,null-shot,3660,847,0
claude-2.1,halueval-dialogue,zero-shot,6168,3832,0
claude-2.1,halueval-dialogue,null-shot,5512,4488,0
claude-2.1,math-geometry,zero-shot,110,369,0
claude-2.1,math-geometry,null-shot-cot,105,374,0
claude-2.1,math-geometry,zero-shot-cot,96,383,0
claude-2.1,math-geometry,null-shot,103,376,0
claude-2.1,math-count-prob,zero-shot,105,369,0
claude-2.1,math-count-prob,null-shot-cot,105,369,0
claude-2.1,math-count-prob,zero-shot-cot,104,370,0
claude-2.1,math-count-prob,null-shot,101,373,0
claude-2.1,math-pre-calc,zero-shot,72,474,0
claude-2.1,math-pre-calc,null-shot-cot,94,452,0
claude-2.1,math-pre-calc,zero-shot-cot,85,461,0
claude-2.1,math-pre-calc,null-shot,80,466,0
pythia-70m,math-number,zero-shot,0,540,0
pythia-70m,math-number,null-shot,0,540,0
pythia-70m,math-algebra,zero-shot,0,1187,0
pythia-70m,math-algebra,null-shot,0,1187,0
pythia-70m,anli,zero-shot,22,1178,0
pythia-70m,anli,null-shot,10,1190,0
pythia-70m,triviaqa,zero-shot,19,981,0
pythia-70m,triviaqa,null-shot,21,979,0
pythia-70m,race-m,zero-shot,49,1387,0
pythia-70m,race-m,null-shot,57,1379,0
pythia-70m,strategyqa,zero-shot,911,1379,0
pythia-70m,strategyqa,null-shot,690,1600,0
pythia-70m,winogrande,zero-shot,404,863,0
pythia-70m,winogrande,null-shot,216,1051,0
pythia-70m,math-pre-algebra,zero-shot,0,871,0
pythia-70m,math-pre-algebra,null-shot,0,871,0
pythia-70m,math-int-algebra,zero-shot,0,903,0
pythia-70m,math-int-algebra,null-shot,0,903,0
pythia-70m,gsm8k,zero-shot,14,1305,0
pythia-70m,gsm8k,null-shot,23,1296,0
pythia-70m,aqua,zero-shot,21,233,0
pythia-70m,aqua,null-shot,16,238,0
pythia-70m,race-h,zero-shot,92,3406,0
pythia-70m,race-h,null-shot,80,3418,0
pythia-70m,math-geometry,zero-shot,0,479,0
pythia-70m,math-geometry,null-shot,0,479,0
pythia-70m,math-count-prob,zero-shot,0,474,0
pythia-70m,math-count-prob,null-shot,0,474,0
pythia-70m,math-pre-calc,zero-shot,0,546,0
pythia-70m,math-pre-calc,null-shot,0,546,0
palm-2-text,math-number,zero-shot,64,476,0
palm-2-text,math-number,null-shot-cot,56,484,0
palm-2-text,math-number,zero-shot-cot,57,483,0
palm-2-text,math-number,null-shot,63,477,0
palm-2-text,math-algebra,zero-shot,200,987,0
palm-2-text,math-algebra,null-shot-cot,197,989,1
palm-2-text,math-algebra,zero-shot-cot,200,987,0
palm-2-text,math-algebra,null-shot,193,993,1
palm-2-text,anli,zero-shot,590,504,106
palm-2-text,anli,null-shot-cot,585,511,104
palm-2-text,anli,zero-shot-cot,590,509,101
palm-2-text,anli,null-shot,606,547,47
palm-2-text,triviaqa,zero-shot,642,256,102
palm-2-text,triviaqa,null-shot-cot,637,309,54
palm-2-text,triviaqa,zero-shot-cot,667,266,67
palm-2-text,triviaqa,null-shot,687,285,28
palm-2-text,halueval-summarization,zero-shot,3761,1560,4679
palm-2-text,halueval-summarization,null-shot,4078,1706,4216
palm-2-text,race-m,zero-shot,1187,151,98
palm-2-text,race-m,null-shot-cot,1185,157,94
palm-2-text,race-m,zero-shot-cot,1020,295,121
palm-2-text,race-m,null-shot,1209,155,72
palm-2-text,strategyqa,zero-shot,1370,556,364
palm-2-text,strategyqa,null-shot-cot,1359,755,176
palm-2-text,strategyqa,zero-shot-cot,1436,532,322
palm-2-text,strategyqa,null-shot,1520,695,75
palm-2-text,winogrande,zero-shot,921,222,124
palm-2-text,winogrande,null-shot-cot,963,254,50
palm-2-text,winogrande,zero-shot-cot,810,336,121
palm-2-text,winogrande,null-shot,1014,242,11
palm-2-text,math-pre-algebra,zero-shot,154,714,3
palm-2-text,math-pre-algebra,null-shot-cot,151,718,2
palm-2-text,math-pre-algebra,zero-shot-cot,179,691,1
palm-2-text,math-pre-algebra,null-shot,150,719,2
palm-2-text,math-int-algebra,zero-shot,102,793,8
palm-2-text,math-int-algebra,null-shot-cot,100,795,8
palm-2-text,math-int-algebra,zero-shot-cot,94,803,6
palm-2-text,math-int-algebra,null-shot,107,790,6
palm-2-text,gsm8k,zero-shot,195,1071,53
palm-2-text,gsm8k,null-shot-cot,574,733,12
palm-2-text,gsm8k,zero-shot-cot,794,510,15
palm-2-text,gsm8k,null-shot,217,1097,5
palm-2-text,aqua,zero-shot,74,174,6
palm-2-text,aqua,null-shot-cot,41,207,6
palm-2-text,aqua,zero-shot-cot,90,157,7
palm-2-text,aqua,null-shot,72,182,0
palm-2-text,halueval-qa,zero-shot,6145,3774,81
palm-2-text,halueval-qa,null-shot,6204,3767,29
palm-2-text,race-h,zero-shot,2503,463,532
palm-2-text,race-h,null-shot-cot,2527,510,461
palm-2-text,race-h,zero-shot-cot,2103,843,552
palm-2-text,race-h,null-shot,2594,509,395
palm-2-text,halueval-general,zero-shot,3462,865,180
palm-2-text,halueval-general,null-shot,3519,881,107
palm-2-text,halueval-dialogue,zero-shot,6604,3091,305
palm-2-text,halueval-dialogue,null-shot,6739,3170,91
palm-2-text,math-geometry,zero-shot,68,411,0
palm-2-text,math-geometry,null-shot-cot,63,416,0
palm-2-text,math-geometry,zero-shot-cot,56,423,0
palm-2-text,math-geometry,null-shot,65,414,0
palm-2-text,math-count-prob,zero-shot,61,413,0
palm-2-text,math-count-prob,null-shot-cot,62,412,0
palm-2-text,math-count-prob,zero-shot-cot,59,414,1
palm-2-text,math-count-prob,null-shot,52,422,0
palm-2-text,math-pre-calc,zero-shot,68,476,2
palm-2-text,math-pre-calc,null-shot-cot,66,479,1
palm-2-text,math-pre-calc,zero-shot-cot,68,476,2
palm-2-text,math-pre-calc,null-shot,68,476,2
claude-3-haiku,math-number,zero-shot,174,366,0
claude-3-haiku,math-number,null-shot-cot,189,351,0
claude-3-haiku,math-number,zero-shot-cot,184,356,0
claude-3-haiku,math-number,null-shot,184,356,0
claude-3-haiku,math-algebra,zero-shot,574,613,0
claude-3-haiku,math-algebra,null-shot-cot,577,610,0
claude-3-haiku,math-algebra,zero-shot-cot,583,604,0
claude-3-haiku,math-algebra,null-shot,567,620,0
claude-3-haiku,anli,zero-shot,343,857,0
claude-3-haiku,anli,null-shot-cot,364,836,0
claude-3-haiku,anli,zero-shot-cot,379,821,0
claude-3-haiku,anli,null-shot,461,739,0
claude-3-haiku,triviaqa,zero-shot,785,215,0
claude-3-haiku,triviaqa,null-shot-cot,650,350,0
claude-3-haiku,triviaqa,zero-shot-cot,770,230,0
claude-3-haiku,triviaqa,null-shot,645,355,0
claude-3-haiku,halueval-summarization,zero-shot,5039,4961,0
claude-3-haiku,halueval-summarization,null-shot,5354,4646,0
claude-3-haiku,race-m,zero-shot,1090,346,0
claude-3-haiku,race-m,null-shot-cot,939,497,0
claude-3-haiku,race-m,zero-shot-cot,650,786,0
claude-3-haiku,race-m,null-shot,988,448,0
claude-3-haiku,strategyqa,zero-shot,1001,1289,0
claude-3-haiku,strategyqa,null-shot-cot,650,1640,0
claude-3-haiku,strategyqa,zero-shot-cot,661,1629,0
claude-3-haiku,strategyqa,null-shot,665,1625,0
claude-3-haiku,winogrande,zero-shot,767,500,0
claude-3-haiku,winogrande,null-shot-cot,292,975,0
claude-3-haiku,winogrande,zero-shot-cot,577,690,0
claude-3-haiku,winogrande,null-shot,511,756,0
claude-3-haiku,math-pre-algebra,zero-shot,486,385,0
claude-3-haiku,math-pre-algebra,null-shot-cot,488,383,0
claude-3-haiku,math-pre-algebra,zero-shot-cot,498,373,0
claude-3-haiku,math-pre-algebra,null-shot,462,409,0
claude-3-haiku,math-int-algebra,zero-shot,133,770,0
claude-3-haiku,math-int-algebra,null-shot-cot,120,783,0
claude-3-haiku,math-int-algebra,zero-shot-cot,142,761,0
claude-3-haiku,math-int-algebra,null-shot,137,766,0
claude-3-haiku,gsm8k,zero-shot,897,422,0
claude-3-haiku,gsm8k,null-shot-cot,888,431,0
claude-3-haiku,gsm8k,zero-shot-cot,906,413,0
claude-3-haiku,gsm8k,null-shot,874,445,0
claude-3-haiku,aqua,zero-shot,161,93,0
claude-3-haiku,aqua,null-shot-cot,155,99,0
claude-3-haiku,aqua,zero-shot-cot,160,94,0
claude-3-haiku,aqua,null-shot,149,105,0
claude-3-haiku,halueval-qa,zero-shot,6068,3932,0
claude-3-haiku,halueval-qa,null-shot,5841,4159,0
claude-3-haiku,race-h,zero-shot,2066,1432,0
claude-3-haiku,race-h,null-shot-cot,1903,1595,0
claude-3-haiku,race-h,zero-shot-cot,1395,2103,0
claude-3-haiku,race-h,null-shot,1885,1613,0
claude-3-haiku,halueval-general,zero-shot,3627,880,0
claude-3-haiku,halueval-general,null-shot,3593,914,0
claude-3-haiku,halueval-dialogue,zero-shot,6704,3296,0
claude-3-haiku,halueval-dialogue,null-shot,6841,3159,0
claude-3-haiku,math-geometry,zero-shot,124,355,0
claude-3-haiku,math-geometry,null-shot-cot,119,360,0
claude-3-haiku,math-geometry,zero-shot-cot,108,371,0
claude-3-haiku,math-geometry,null-shot,118,361,0
claude-3-haiku,math-count-prob,zero-shot,128,346,0
claude-3-haiku,math-count-prob,null-shot-cot,130,344,0
claude-3-haiku,math-count-prob,zero-shot-cot,138,336,0
claude-3-haiku,math-count-prob,null-shot,131,343,0
claude-3-haiku,math-pre-calc,zero-shot,103,443,0
claude-3-haiku,math-pre-calc,null-shot-cot,118,428,0
claude-3-haiku,math-pre-calc,zero-shot-cot,99,447,0
claude-3-haiku,math-pre-calc,null-shot,107,439,0
qwen-1.5-1.8b-chat,math-number,zero-shot,23,517,0
qwen-1.5-1.8b-chat,math-number,null-shot,12,528,0
qwen-1.5-1.8b-chat,math-algebra,zero-shot,87,1100,0
qwen-1.5-1.8b-chat,math-algebra,null-shot,56,1131,0
qwen-1.5-1.8b-chat,anli,zero-shot,414,786,0
qwen-1.5-1.8b-chat,anli,null-shot,317,883,0
qwen-1.5-1.8b-chat,triviaqa,zero-shot,365,635,0
qwen-1.5-1.8b-chat,triviaqa,null-shot,378,622,0
qwen-1.5-1.8b-chat,race-m,zero-shot,1001,435,0
qwen-1.5-1.8b-chat,race-m,null-shot,963,473,0
qwen-1.5-1.8b-chat,strategyqa,zero-shot,929,1361,0
qwen-1.5-1.8b-chat,strategyqa,null-shot,853,1437,0
qwen-1.5-1.8b-chat,winogrande,zero-shot,421,846,0
qwen-1.5-1.8b-chat,winogrande,null-shot,236,1031,0
qwen-1.5-1.8b-chat,math-pre-algebra,zero-shot,59,812,0
qwen-1.5-1.8b-chat,math-pre-algebra,null-shot,46,825,0
qwen-1.5-1.8b-chat,math-int-algebra,zero-shot,40,863,0
qwen-1.5-1.8b-chat,math-int-algebra,null-shot,25,878,0
qwen-1.5-1.8b-chat,gsm8k,zero-shot,394,925,0
qwen-1.5-1.8b-chat,gsm8k,null-shot,236,1083,0
qwen-1.5-1.8b-chat,aqua,zero-shot,57,197,0
qwen-1.5-1.8b-chat,aqua,null-shot,68,186,0
qwen-1.5-1.8b-chat,race-h,zero-shot,2244,1254,0
qwen-1.5-1.8b-chat,race-h,null-shot,2185,1313,0
qwen-1.5-1.8b-chat,math-geometry,zero-shot,16,463,0
qwen-1.5-1.8b-chat,math-geometry,null-shot,11,468,0
qwen-1.5-1.8b-chat,math-count-prob,zero-shot,16,458,0
qwen-1.5-1.8b-chat,math-count-prob,null-shot,13,461,0
qwen-1.5-1.8b-chat,math-pre-calc,zero-shot,25,521,0
qwen-1.5-1.8b-chat,math-pre-calc,null-shot,21,525,0
gemini-pro-text,math-number,zero-shot,87,453,0
gemini-pro-text,math-number,null-shot-cot,107,427,6
gemini-pro-text,math-number,zero-shot-cot,90,449,1
gemini-pro-text,math-number,null-shot,87,453,0
gemini-pro-text,math-algebra,zero-shot,296,891,0
gemini-pro-text,math-algebra,null-shot-cot,510,676,1
gemini-pro-text,math-algebra,zero-shot-cot,396,791,0
gemini-pro-text,math-algebra,null-shot,320,867,0
gemini-pro-text,anli,zero-shot,607,570,23
gemini-pro-text,anli,null-shot-cot,539,644,17
gemini-pro-text,anli,zero-shot-cot,580,602,18
gemini-pro-text,anli,null-shot,620,574,6
gemini-pro-text,triviaqa,zero-shot,702,241,57
gemini-pro-text,triviaqa,null-shot-cot,9,974,17
gemini-pro-text,triviaqa,zero-shot-cot,616,342,42
gemini-pro-text,triviaqa,null-shot,253,724,23
gemini-pro-text,halueval-summarization,zero-shot,6554,3154,292
gemini-pro-text,halueval-summarization,null-shot,6541,3164,295
gemini-pro-text,race-m,zero-shot,1192,166,78
gemini-pro-text,race-m,null-shot-cot,1158,195,83
gemini-pro-text,race-m,zero-shot-cot,1194,151,91
gemini-pro-text,race-m,null-shot,1215,161,60
gemini-pro-text,strategyqa,zero-shot,1535,648,107
gemini-pro-text,strategyqa,null-shot-cot,24,2191,75
gemini-pro-text,strategyqa,zero-shot-cot,1521,690,79
gemini-pro-text,strategyqa,null-shot,1160,1075,55
gemini-pro-text,winogrande,zero-shot,809,414,44
gemini-pro-text,winogrande,null-shot-cot,3,1248,16
gemini-pro-text,winogrande,zero-shot-cot,796,431,40
gemini-pro-text,winogrande,null-shot,798,438,31
gemini-pro-text,math-pre-algebra,zero-shot,278,593,0
gemini-pro-text,math-pre-algebra,null-shot-cot,418,450,3
gemini-pro-text,math-pre-algebra,zero-shot-cot,345,524,2
gemini-pro-text,math-pre-algebra,null-shot,304,567,0
gemini-pro-text,math-int-algebra,zero-shot,134,769,0
gemini-pro-text,math-int-algebra,null-shot-cot,118,781,4
gemini-pro-text,math-int-algebra,zero-shot-cot,127,773,3
gemini-pro-text,math-int-algebra,null-shot,128,774,1
gemini-pro-text,gsm8k,zero-shot,680,596,43
gemini-pro-text,gsm8k,null-shot-cot,820,493,6
gemini-pro-text,gsm8k,zero-shot-cot,911,394,14
gemini-pro-text,gsm8k,null-shot,877,435,7
gemini-pro-text,aqua,zero-shot,65,186,3
gemini-pro-text,aqua,null-shot-cot,128,125,1
gemini-pro-text,aqua,zero-shot-cot,118,136,0
gemini-pro-text,aqua,null-shot,90,163,1
gemini-pro-text,halueval-qa,zero-shot,6254,3733,13
gemini-pro-text,halueval-qa,null-shot,6346,3634,20
gemini-pro-text,race-h,zero-shot,2722,559,217
gemini-pro-text,race-h,null-shot-cot,2716,598,184
gemini-pro-text,race-h,zero-shot-cot,2745,530,223
gemini-pro-text,race-h,null-shot,2780,556,162
gemini-pro-text,halueval-general,zero-shot,3684,822,1
gemini-pro-text,halueval-general,null-shot,3686,820,1
gemini-pro-text,halueval-dialogue,zero-shot,7772,2225,3
gemini-pro-text,halueval-dialogue,null-shot,7794,2204,2
gemini-pro-text,math-geometry,zero-shot,90,389,0
gemini-pro-text,math-geometry,null-shot-cot,107,367,5
gemini-pro-text,math-geometry,zero-shot-cot,94,377,8
gemini-pro-text,math-geometry,null-shot,95,384,0
gemini-pro-text,math-count-prob,zero-shot,77,397,0
gemini-pro-text,math-count-prob,null-shot-cot,103,367,4
gemini-pro-text,math-count-prob,zero-shot-cot,85,385,4
gemini-pro-text,math-count-prob,null-shot,80,394,0
gemini-pro-text,math-pre-calc,zero-shot,106,439,1
gemini-pro-text,math-pre-calc,null-shot-cot,98,445,3
gemini-pro-text,math-pre-calc,zero-shot-cot,95,449,2
gemini-pro-text,math-pre-calc,null-shot,99,447,0
claude-3-sonnet,math-number,zero-shot,211,329,0
claude-3-sonnet,math-number,null-shot-cot,76,464,0
claude-3-sonnet,math-number,zero-shot-cot,213,327,0
claude-3-sonnet,math-number,null-shot,195,345,0
claude-3-sonnet,math-algebra,zero-shot,627,560,0
claude-3-sonnet,math-algebra,null-shot-cot,120,1067,0
claude-3-sonnet,math-algebra,zero-shot-cot,649,538,0
claude-3-sonnet,math-algebra,null-shot,637,550,0
claude-3-sonnet,anli,zero-shot,640,560,0
claude-3-sonnet,anli,null-shot-cot,570,630,0
claude-3-sonnet,anli,zero-shot-cot,489,711,0
claude-3-sonnet,anli,null-shot,512,688,0
claude-3-sonnet,triviaqa,zero-shot,787,213,0
claude-3-sonnet,triviaqa,null-shot-cot,400,600,0
claude-3-sonnet,triviaqa,zero-shot-cot,754,246,0
claude-3-sonnet,triviaqa,null-shot,319,681,0
claude-3-sonnet,halueval-summarization,zero-shot,5383,4617,0
claude-3-sonnet,halueval-summarization,null-shot,5564,4436,0
claude-3-sonnet,race-m,zero-shot,1060,376,0
claude-3-sonnet,race-m,null-shot-cot,1045,391,0
claude-3-sonnet,race-m,zero-shot-cot,913,523,0
claude-3-sonnet,race-m,null-shot,860,576,0
claude-3-sonnet,strategyqa,zero-shot,1277,1013,0
claude-3-sonnet,strategyqa,null-shot-cot,196,2094,0
claude-3-sonnet,strategyqa,zero-shot-cot,1212,1078,0
claude-3-sonnet,strategyqa,null-shot,515,1775,0
claude-3-sonnet,winogrande,zero-shot,751,516,0
claude-3-sonnet,winogrande,null-shot-cot,108,1159,0
claude-3-sonnet,winogrande,zero-shot-cot,585,682,0
claude-3-sonnet,winogrande,null-shot,408,859,0
claude-3-sonnet,math-pre-algebra,zero-shot,554,317,0
claude-3-sonnet,math-pre-algebra,null-shot-cot,99,772,0
claude-3-sonnet,math-pre-algebra,zero-shot-cot,548,323,0
claude-3-sonnet,math-pre-algebra,null-shot,559,312,0
claude-3-sonnet,math-int-algebra,zero-shot,154,749,0
claude-3-sonnet,math-int-algebra,null-shot-cot,49,854,0
claude-3-sonnet,math-int-algebra,zero-shot-cot,148,755,0
claude-3-sonnet,math-int-algebra,null-shot,153,750,0
claude-3-sonnet,gsm8k,zero-shot,853,466,0
claude-3-sonnet,gsm8k,null-shot-cot,822,497,0
claude-3-sonnet,gsm8k,zero-shot-cot,836,483,0
claude-3-sonnet,gsm8k,null-shot,780,539,0
claude-3-sonnet,aqua,zero-shot,155,99,0
claude-3-sonnet,aqua,null-shot-cot,129,125,0
claude-3-sonnet,aqua,zero-shot-cot,151,103,0
claude-3-sonnet,aqua,null-shot,142,112,0
claude-3-sonnet,halueval-qa,zero-shot,5224,4776,0
claude-3-sonnet,halueval-qa,null-shot,4259,5741,0
claude-3-sonnet,race-h,zero-shot,2373,1125,0
claude-3-sonnet,race-h,null-shot-cot,2036,1462,0
claude-3-sonnet,race-h,zero-shot-cot,1769,1729,0
claude-3-sonnet,race-h,null-shot,1983,1515,0
claude-3-sonnet,halueval-general,zero-shot,3681,826,0
claude-3-sonnet,halueval-general,null-shot,3686,821,0
claude-3-sonnet,halueval-dialogue,zero-shot,7113,2887,0
claude-3-sonnet,halueval-dialogue,null-shot,7456,2544,0
claude-3-sonnet,math-geometry,zero-shot,155,324,0
claude-3-sonnet,math-geometry,null-shot-cot,33,446,0
claude-3-sonnet,math-geometry,zero-shot-cot,148,331,0
claude-3-sonnet,math-geometry,null-shot,135,344,0
claude-3-sonnet,math-count-prob,zero-shot,162,312,0
claude-3-sonnet,math-count-prob,null-shot-cot,39,435,0
claude-3-sonnet,math-count-prob,zero-shot-cot,174,300,0
claude-3-sonnet,math-count-prob,null-shot,156,318,0
claude-3-sonnet,math-pre-calc,zero-shot,107,439,0
claude-3-sonnet,math-pre-calc,null-shot-cot,50,496,0
claude-3-sonnet,math-pre-calc,zero-shot-cot,98,448,0
claude-3-sonnet,math-pre-calc,null-shot,103,443,0
